Quation: x^2 - 3x + 2
Solution: 0.9990234375
f(0.9990234375) = 0.0009775161743164062
iterations = 9
