Quation: x^3 + 2x^2 - 5
Solution: 1.2419987122318414
f(1.2419987122318414) = 0.0009801309828789684
iterations = 2
