Quation: x^2 - 3x + 2
Solution: 1.0000976562499997
f(1.0000976562499997) = -9.76467132565162e-05
iterations = 10
